SARSAT 7 (NOAA 15)      
1 25338U 98030A   25182.19737291  .00000185  00000+0  93616-4 0  9990
2 25338  98.5339 206.8073 0009105 299.4881  60.5391 14.26990320411480
GPS BIIR-08             
1 27663U 03005A   25181.12603035  .00000009  00000+0  00000+0 0  9996
2 27663  54.9692 228.9601 0142507  50.2376 320.6348  2.00553553164253
GPS BIIR-11             
1 28190U 04009A   25181.45504171 -.00000075  00000+0  00000+0 0  9998
2 28190  55.1253 289.8770 0106175 161.9783 246.0037  2.00567041155894
GPS BIIR-13             
1 28474U 04045A   25181.32972125 -.00000101  00000+0  00000+0 0  9997
2 28474  55.3175 339.0526 0165792 304.1694  72.7861  2.00562109151371
SARSAT 10 (NOAA 18)     
1 28654U 05018A   25182.21005775  .00000076  00000+0  63553-4 0  9992
2 28654  98.8423 261.4433 0015238  70.2931 289.9884 14.13615884 36801
GPS BIIR-14M            
1 28874U 05038A   25180.34774490 -.00000065  00000+0  00000+0 0  9999
2 28874  55.1710 287.3962 0132695 290.2585  62.3534  2.00559417144751
METEOSAT-9 (MSG-2)      
1 28912U 05049B   25181.76155839  .00000120  00000+0  00000+0 0  9992
2 28912   8.5587  57.5311 0002279   2.4689 179.0387  1.00278564  3481
GOES 13                 
1 29155U 06018A   25180.95158677 -.00000229  00000+0  00000+0 0  9993
2 29155   3.6162  80.7539 0060334 266.9444  44.7618  0.98791508 39767
GPS BIIR-16M            
1 29601U 06052A   25181.42227202  .00000011  00000+0  00000+0 0  9999
2 29601  55.0115 227.9548 0084849  86.6266 274.4136  2.00563978136356
GPS BIIR-17M            
1 32260U 07047A   25181.72814903 -.00000032  00000+0  00000+0 0  9996
2 32260  53.8369  94.5777 0162015  81.8417 280.0057  2.00571582129769
GPS BIIR-18M            
1 32384U 07062A   25181.79011124 -.00000075  00000+0  00000+0 0  9998
2 32384  55.3172 288.2586 0032421 159.0103  14.4262  2.00569052128464
SARSAT 12 (NOAA 19)     
1 33591U 09005A   25182.14921690  .00000143  00000+0  10026-3 0  9994
2 33591  98.9964 246.9741 0012790 305.2630  54.7345 14.13383526845156
GOES 14                 
1 35491U 09033A   25182.23725329 -.00000067  00000+0  00000+0 0  9990
2 35491   0.7726  87.8091 0002465  66.6781 102.2659  1.00274129 58633
GOES 15                 
1 36411U 10008A   25182.12753178  .00000041  00000+0  00000+0 0  9999
2 36411   0.3709  85.3528 0002796 110.5367 190.7024  1.00272049 56115
GSAT0101 (GALILEO-PFM)  
1 37846U 11060A   25180.31077315 -.00000100  00000+0  00000+0 0  9999
2 37846  57.0929 351.3283 0002845  53.8835 306.1406  1.70475854 85103
GSAT0102 (GALILEO-FM2)  
1 37847U 11060B   25181.41096859 -.00000099  00000+0  00000+0 0  9993
2 37847  57.0934 351.2989 0002699  11.0765 349.5191  1.70476022 85130
LUCH 5A                 
1 37951U 11074B   25181.77048286 -.00000052  00000+0  00000+0 0  9993
2 37951   7.8597  79.0767 0003383  41.2594 243.1611  1.00268999 49523
METEOSAT-10 (MSG-3)     
1 38552U 12035B   25182.06749927 -.00000003  00000+0  00000+0 0  9998
2 38552   3.8402  62.0669 0000678  58.3541 183.6586  1.00278385 47695
SARSAT 13 (METOP-B)     
1 38771U 12049A   25182.14757460  .00000082  00000+0  57005-4 0  9994
2 38771  98.5758 235.7565 0000431  78.0582 282.0644 14.21468654663384
GPS BIIF-3              
1 38833U 12053A   25181.32431360  .00000054  00000+0  00000+0 0  9992
2 38833  53.5412 158.0097 0166738  60.8613 300.7694  2.00563197 92386
GSAT0103 (GALILEO-FM3)  
1 38857U 12055A   25181.52369298 -.00000011  00000+0  00000+0 0  9996
2 38857  55.5960 111.2059 0004519 295.2018  64.7348  1.70473540 79018
GPS BIIF-4              
1 39166U 13023A   25181.18829198 -.00000067  00000+0  00000+0 0  9999
2 39166  54.7866 283.2938 0132934  48.1448 313.0158  2.00560982 88828
INSAT-3D                
1 39216U 13038B   25181.98358242 -.00000338  00000+0  00000+0 0  9997
2 39216   1.0182  87.3522 0000533  28.1163 287.4115  1.00275645 43784
GPS BIIF-5              
1 39533U 14008A   25181.18686613  .00000055  00000+0  00000+0 0  9990
2 39533  53.6183 163.6727 0078796 226.1070 133.2194  2.00564518 82620
LUCH 5V                 
1 39727U 14023A   25182.08626545 -.00000269  00000+0  00000+0 0  9998
2 39727   4.2528  73.1101 0002067  64.3566 267.7239  1.00273122558988
GPS BIIF-6              
1 39741U 14026A   25181.46557746 -.00000100  00000+0  00000+0 0  9998
2 39741  56.6431 345.1981 0034691 319.6952  40.0482  2.00573239 81480
GPS BIIF-7              
1 40105U 14045A   25181.55483544 -.00000016  00000+0  00000+0 0  9995
2 40105  55.1255 102.4919 0029934 115.8794 244.4334  2.00562098 79027
GSAT0201 (GALILEO 5)    
1 40128U 14050A   25181.45845312 -.00000095  00000+0  00000+0 0  9997
2 40128  49.2581 287.7875 1633753 165.8883 199.3290  1.85519818 71790
GSAT0202 (GALILEO 6)    
1 40129U 14050B   25181.17632946 -.00000092  00000+0  00000+0 0  9991
2 40129  49.2740 286.8808 1633872 166.6470 198.3009  1.85520458 73912
GPS BIIF-8              
1 40294U 14068A   25180.92624147 -.00000086  00000+0  00000+0 0  9992
2 40294  56.7323  44.5564 0061528  67.3034 293.4036  2.00554689 78146
GLONASS-K 2             
1 40315U 14075A   25180.88691087  .00000049  00000+0  00000+0 0  9994
2 40315  63.6163 202.5685 0021850 211.9025 148.0100  2.13101478 82342
GPS BIIF-9              
1 40534U 15013A   25182.06248769  .00000028  00000+0  00000+0 0  9994
2 40534  53.2339 218.7038 0099146  35.2032 325.5091  2.00572446 75205
GSAT0203 (GALILEO 7)    
1 40544U 15017A   25181.26260136 -.00000100  00000+0  00000+0 0  9994
2 40544  56.8870 351.1852 0002106 258.3819 101.5932  1.70476237 63202
GSAT0204 (GALILEO 8)    
1 40545U 15017B   25180.34441858 -.00000101  00000+0  00000+0 0  9996
2 40545  56.8933 351.2272 0002168 230.4731 129.5054  1.70475785 26236
GPS BIIF-10             
1 40730U 15033A   25181.72637535 -.00000069  00000+0  00000+0 0  9995
2 40730  54.2656 281.5586 0104024  25.2148 335.3259  2.00574337 72945
METEOSAT-11 (MSG-4)     
1 40732U 15034A   25181.28415735  .00000060  00000+0  00000+0 0  9995
2 40732   2.3205  72.3841 0000585 100.7073 217.1594  1.00266671  3686
GSAT0205 (GALILEO 9)    
1 40889U 15045A   25178.93939260  .00000026  00000+0  00000+0 0  9994
2 40889  55.0623 231.3899 0002694  17.0481 343.0496  1.70473930 60974
GSAT0206 (GALILEO 10)   
1 40890U 15045B   25180.91978353  .00000021  00000+0  00000+0 0  9998
2 40890  55.0606 231.3295 0009248 277.6035  82.3706  1.70472965 61030
GPS BIIF-11             
1 41019U 15062A   25181.28307917 -.00000087  00000+0  00000+0 0  9997
2 41019  56.7089  44.3986 0103647 228.0815 131.0843  2.00566875 70773
ELEKTRO-L 2             
1 41105U 15074A   25182.06919681 -.00000117  00000+0  00000+0 0  9994
2 41105   5.8076  74.8680 0001001 197.0022  17.9404  1.00272206 34995
GSAT0209 (GALILEO 12)   
1 41174U 15079A   25181.08835263 -.00000011  00000+0  00000+0 0  9992
2 41174  55.6158 110.9306 0004948 334.9487  25.0098  1.70473812 58776
GSAT0208 (GALILEO 11)   
1 41175U 15079B   25181.30837458 -.00000012  00000+0  00000+0 0  9997
2 41175  55.6141 110.9217 0004312 336.6081  23.3554  1.70473775 59197
GPS BIIF-12             
1 41328U 16007A   25180.86674607 -.00000013  00000+0  00000+0 0  9995
2 41328  55.3077 103.4433 0087898 242.9185 116.1847  2.00569172 68819
GSAT0211 (GALILEO 14)   
1 41549U 16030A   25181.43207387  .00000023  00000+0  00000+0 0  9997
2 41549  55.2099 231.3684 0002748 313.2420  46.8126  1.70474050 56655
GSAT0210 (GALILEO 13)   
1 41550U 16030B   25180.51669706  .00000021  00000+0  00000+0 0  9992
2 41550  55.2095 231.3918 0004275 234.4913 125.5496  1.70474080 56659
INSAT-3DR               
1 41752U 16054A   25181.86940792 -.00000076  00000+0  00000+0 0  9999
2 41752   0.1354  90.9659 0010202 176.3099  38.8561  1.00271967 32292
GSAT0207 (GALILEO 15)   
1 41859U 16069A   25181.38174970 -.00000012  00000+0  00000+0 0  9997
2 41859  55.2837 110.8319 0004846 321.4057  38.5430  1.70473746 53400
GSAT0212 (GALILEO 16)   
1 41860U 16069B   25181.23559922 -.00000012  00000+0  00000+0 0  9997
2 41860  55.2810 110.8315 0004052 351.6329   8.3432  1.70473957 53653
GSAT0213 (GALILEO 17)   
1 41861U 16069C   25180.43033478 -.00000012  00000+0  00000+0 0  9992
2 41861  55.2831 110.8612 0004696 303.0958  56.8389  1.70474366 53508
GSAT0214 (GALILEO 18)   
1 41862U 16069D   25181.16262550 -.00000012  00000+0  00000+0 0  9999
2 41862  55.2819 110.8340 0003861 308.8428  51.1054  1.70474015 53644
GOES 16                 
1 41866U 16071A   25181.61847610 -.00000090  00000+0  00000+0 0  9998
2 41866   0.0481 226.4299 0000822 281.6562 248.7550  1.00272013 31579
GSAT-17                 
1 42815U 17040B   25181.88078413 -.00000257  00000+0  00000+0 0  9991
2 42815   0.0322 104.5548 0001561 183.6932  41.5097  1.00271397 29266
GSAT0215 (GALILEO 19)   
1 43055U 17079A   25181.65271942  .00000024  00000+0  00000+0 0  9998
2 43055  55.1880 231.1786 0004087 259.7431 100.2876  1.70474436 46992
GSAT0216 (GALILEO 20)   
1 43056U 17079B   25177.25150952  .00000037  00000+0  00000+0 0  9991
2 43056  55.1891 231.3001 0004350 268.6788  91.3679  1.70474653 46930
GSAT0217 (GALILEO 21)   
1 43057U 17079C   25180.99159110  .00000022  00000+0  00000+0 0  9996
2 43057  55.1857 231.1953 0006287 276.7027  83.3045  1.70474264 46985
GSAT0218 (GALILEO 22)   
1 43058U 17079D   25179.45193156  .00000024  00000+0  00000+0 0  9996
2 43058  55.1865 231.2354 0005032 266.1801  93.8483  1.70474600 46987
GOES 17                 
1 43226U 18022A   25181.54894073 -.00000169  00000+0  00000+0 0  9992
2 43226   0.0483 117.3420 0000891  94.5373 169.1639  1.00421805 26892
GSAT0221 (GALILEO 25)   
1 43564U 18060A   25179.94092577 -.00000100  00000+0  00000+0 0  9994
2 43564  57.2677 351.3165 0002411 292.4326  67.5391  1.70476012 43149
GSAT0222 (GALILEO 26)   
1 43565U 18060B   25180.74660772 -.00000100  00000+0  00000+0 0  9993
2 43565  57.2693 351.2973 0002147 232.7453 127.2332  1.70475795 43201
GSAT0219 (GALILEO 23)   
1 43566U 18060C   25181.55453618 -.00000099  00000+0  00000+0 0  9990
2 43566  57.2704 351.2774 0001750 312.5788  47.4058  1.70476025 43194
GSAT0220 (GALILEO 24)   
1 43567U 18060D   25180.01562021 -.00000100  00000+0  00000+0 0  9993
2 43567  57.2699 351.3185 0001876 298.2664  61.7120  1.70475926 43151
BEIDOU-3 M13            
1 43622U 18072A   25181.83044991 -.00000065  00000+0  00000+0 0  9990
2 43622  56.3117  74.2818 0006597 323.5425  36.4559  1.86231473 46112
BEIDOU-3 M14            
1 43623U 18072B   25180.08506700 -.00000055  00000+0  00000+0 0  9997
2 43623  56.3120  74.3334 0005589 356.1772   3.8622  1.86231453 46070
GPS BIII-1              
1 43873U 18109A   25181.79732594 -.00000011  00000+0  00000+0 0  9998
2 43873  55.4727 106.0627 0033602 196.5660   8.4759  2.00571426 48020
METEOR-M2 2             
1 44387U 19038A   25182.20619459  .00000049  00000+0  41077-4 0  9996
2 44387  98.8751 160.1011 0000876  12.4270 347.6930 14.24213303311339
GPS BIII-2              
1 44506U 19056A   25181.89060876 -.00000101  00000+0  00000+0 0  9992
2 44506  55.7793 345.0907 0053377 193.3177 337.9701  2.00562573 43020
BEIDOU-3 M24            
1 44542U 19061A   25180.99994902  .00000051  00000+0  00000+0 0  9997
2 44542  54.4114 194.6049 0008084 349.6464  10.3624  1.86229288 39238
BEIDOU-3 M23            
1 44543U 19061B   25181.31048104  .00000055  00000+0  00000+0 0  9993
2 44543  54.4098 194.5627 0005656 328.6492 152.3048  1.86229498 39242
BEIDOU-3 M22            
1 44793U 19078A   25181.91593043 -.00000102  00000+0  00000+0 0  9995
2 44793  54.2539 312.1636 0005689  41.5577 318.4853  1.86232276 38118
BEIDOU-3 M21            
1 44794U 19078B   25180.97583268 -.00000098  00000+0  00000+0 0  9993
2 44794  54.2285 312.1645 0003671  40.0627 319.9629  1.86227813 38091
ELEKTRO-L 3             
1 44903U 19095A   25181.85114198 -.00000096  00000+0  00000+0 0  9992
2 44903   0.0903 143.2335 0000668   0.7383 157.6287  1.00271577 20183
GPS BIII-3              
1 45854U 20041A   25180.98809075 -.00000088  00000+0  00000+0 0  9990
2 45854  56.4266  42.6387 0053938 199.0645 344.9193  2.00566375 36971
COSMOS 2547             
1 46805U 20075A   25181.46608080  .00000053  00000+0  00000+0 0  9992
2 46805  64.5974 204.2147 0009164 240.8055 119.1502  2.13100326 36415
GPS BIII-4              
1 46826U 20078A   25181.99422801  .00000018  00000+0  00000+0 0  9992
2 46826  54.0561 225.0243 0060687 202.4171 316.4793  2.00558580 34453
GSAT0223 (GALILEO 27)   
1 49809U 21116A   25179.57925233 -.00000100  00000+0  00000+0 0  9991
2 49809  57.2600 351.2220 0002044 179.8064   3.0080  1.70476011 22150
GSAT0224 (GALILEO 28)   
1 49810U 21116B   25179.97868252 -.00000100  00000+0  00000+0 0  9994
2 49810  57.2601 351.2096 0001196 146.8992  33.6136  1.70476098 22184
GOES 18                 
1 51850U 22021A   25181.68349572  .00000097  00000+0  00000+0 0  9991
2 51850   0.0395 182.4498 0000219   2.7047 202.8782  1.00270986  3067
COSMOS 2557 (706K)      
1 52984U 22075A   25181.16344147 -.00000073  00000+0  00000+0 0  9990
2 52984  64.5003 326.8662 0010717 275.6050  84.2677  2.13102240 23208
METEOR-M2 3             
1 57166U 23091A   25182.20369738 -.00000005  00000+0  16830-4 0  9993
2 57166  98.6601 238.3765 0005105 106.8147 253.3592 14.24002649104566
COSMOS 2569 (703K)      
1 57517U 23114A   25181.31080366 -.00000030  00000+0  00000+0 0  9992
2 57517  65.1010  84.5050 0010629 298.0142  61.9179  2.13103707 14761
METEOR-M2 4             
1 59051U 24039A   25182.16981211  .00000008  00000+0  22853-4 0  9996
2 59051  98.6502 141.9074 0008197 103.6191 256.5900 14.22369948 69363
GSAT0225 (GALILEO 29)   
1 59598U 24079A   25181.79551244 -.00000013  00000+0  00000+0 0  9995
2 59598  54.9022 110.9104 0001617 272.8639 294.8688  1.70474308  7329
GSAT0227 (GALILEO 30)   
1 59600U 24079C   25180.46721648 -.00000013  00000+0  00000+0 0  9999
2 59600  54.8965 110.9474 0001503  57.4796 302.5144  1.70474100  7350
GSAT0232 (GALILEO 32)   
1 61182U 24167A   25181.46958331  .00000024  00000+0  00000+0 0  9998
2 61182  55.2974 230.9628 0005108 225.5345 224.6792  1.70474354  4889
GSAT0226 (GALILEO 31)   
1 61183U 24167B   25178.79032083  .00000027  00000+0  00000+0 0  9991
2 61183  55.2972 231.0419 0002883 217.3740 141.1071  1.70474321  4802
