NOAA 1                  
1 04793U 70106A   25174.36319111 -.00000035  00000+0  52249-4 0  9995
2 04793 101.3885 218.9066 0031160 331.1478  39.5381 12.54043476495712
NOAA 2 (ITOS-D)         
1 06235U 72082A   25174.79587921 -.00000030  00000+0  10477-3 0  9997
2 06235 102.0205 184.1951 0004431 129.5933  43.6543 12.53201485410282
NOAA 3                  
1 06920U 73086A   25174.80001010 -.00000026  00000+0  14769-3 0  9998
2 06920 102.2881 180.2552 0006936  65.0020 108.0728 12.40383193337655
NOAA 4                  
1 07529U 74089A   25174.77364991 -.00000041  00000+0  32634-4 0  9993
2 07529 102.0027 178.7508 0009152 157.4911  15.5865 12.53195084314879
NOAA 5                  
1 09057U 76077A   25174.42834722 -.00000023  00000+0  17909-3 0  9993
2 09057 102.2579 153.9801 0009276 277.4048 235.7919 12.37818742210082
TIROS N                 
1 11060U 78096A   25174.37527510  .00000103  00000+0  69268-4 0  9995
2 11060  98.4862 206.0806 0010091 195.6731 164.4134 14.19198799627851
NOAA 6                  
1 11416U 79057A   25174.78224186  .00000236  00000+0  98125-4 0  9997
2 11416  98.5982 201.1703 0008877 236.9825 123.0507 14.35189480399759
NOAA 7                  
1 12553U 81059A   25174.44153893  .00000032  00000+0  37713-4 0  9994
2 12553  98.8431 239.1108 0010902 209.4810 150.5751 14.17709126273915
NOAA 8                  
1 13923U 83022A   25173.77157405  .00000089  00000+0  52190-4 0  9994
2 13923  98.7362 180.7252 0013903 226.8408 133.1612 14.29637612199711
NOAA 9                  
1 15427U 84123A   25174.51860968  .00000090  00000+0  68020-4 0  9997
2 15427  99.1209 187.3427 0013620 286.9241 225.0200 14.16929786 92620
NOAA 10                 
1 16969U 86073A   25174.43603389  .00000078  00000+0  48482-4 0  9994
2 16969  98.6745 163.7519 0011495 330.9051 185.9986 14.29012036 18176
NOAA 11                 
1 19531U 88089A   25174.34921324  .00000026  00000+0  34439-4 0  9993
2 19531  98.5718 127.7091 0009971 246.2189 113.7940 14.15749339896705
NOAA 12                 
1 21263U 91032A   25174.89049441  .00000032  00000+0  31204-4 0  9995
2 21263  98.5876 164.3600 0013626   0.5062 359.6130 14.26614069774138
NOAA 13                 
1 22739U 93050A   25174.58752202  .00000054  00000+0  51189-4 0  9996
2 22739  98.6571 125.1203 0010599  74.4270 285.8072 14.13531876642714
NOAA 14                 
1 23455U 94089A   25174.52616476  .00000014  00000+0  28832-4 0  9996
2 23455  98.4644 156.6258 0010241  40.2120 319.9810 14.14587852572736
NOAA 15                 
1 25338U 98030A   25174.83502862  .00000178  00000+0  90782-4 0  9999
2 25338  98.5342 199.6226 0009394 323.3704  36.6833 14.26986936410431
NOAA 16                 
1 26536U 00055A   25174.79700438  .00000063  00000+0  54901-4 0  9990
2 26536  98.4874 202.5666 0009277 247.8287 112.1903 14.13811433276588
NOAA 17                 
1 27453U 02032A   25174.57104475  .00000071  00000+0  48606-4 0  9995
2 27453  98.8133 132.1302 0010843 315.6968  44.3343 14.26020775195876
NOAA 18                 
1 28654U 05018A   25174.77814922  .00000061  00000+0  55761-4 0  9992
2 28654  98.8424 254.0950 0015355  89.9350 270.3582 14.13614218 35758
NOAA 19                 
1 33591U 09005A   25174.78690079  .00000141  00000+0  99024-4 0  9993
2 33591  98.9968 239.5708 0013035 327.4841  32.5527 14.13380622844119
SUOMI NPP               
1 37849U 11061A   25174.85013845  .00000037  00000+0  38207-4 0  9996
2 37849  98.7581 113.9604 0000306 302.6992  57.4154 14.19541670707597
NOAA 20 (JPSS-1)        
1 43013U 17073A   25174.79526501  .00000031  00000+0  35378-4 0  9996
2 43013  98.7419 113.1894 0000484 152.6885 207.4317 14.19511284393622
NOAA 21 (JPSS-2)        
1 54234U 22150A   25174.83155667  .00000010  00000+0  25309-4 0  9991
2 54234  98.7275 113.4991 0002526 113.4962 246.6480 14.19540583135703
