HST                     
1 20580U 90037B   25174.85016324  .00004156  00000+0  15179-3 0  9993
2 20580  28.4691 359.7503 0002337 158.0948 201.9747 15.25383217733964
POLAR                   
1 23802U 96013A   25174.12051019  .00000204  00000+0  00000+0 0  9996
2 23802  79.4496 230.9855 6129402 221.1965  71.0966  1.29846836140199
SWAS                    
1 25560U 98071A   25174.41019927  .00002688  00000+0  19002-3 0  9993
2 25560  69.8976  70.3220 0003232  96.7979 263.3551 15.06171814443185
CXO                     
1 25867U 99040B   25174.72419316  .00000421  00000+0  00000+0 0  9997
2 25867  49.6806 129.3423 8417193 309.6282   0.0394  0.37805500 27126
XMM-NEWTON              
1 25989U 99066A   25175.35528340  .00000032  00000+0  00000+0 0  9996
2 25989  66.2234 287.7107 4842885  71.1811   0.1757  0.50132074 21216
TERRA                   
1 25994U 99068A   25174.82260185  .00000281  00000+0  66811-4 0  9998
2 25994  97.9976 232.5600 0000860 293.7649 195.7310 14.60716772357406
CLUSTER II-FM7 (SAMBA)  
1 26410U 00041A   25176.01051623  .00002340  00000+0  00000+0 0  9994
2 26410 144.5728  12.2850 8399195 227.5867 359.6601  0.44844581 18709
CLUSTER II-FM5 (RUMBA)  
1 26463U 00045A   25172.48287875  .00005673  00000+0  00000+0 0  9995
2 26463 151.5500  78.0310 9081129 296.8404   1.0725  0.42939264 30975
CLUSTER II-FM8 (TANGO)  
1 26464U 00045B   25175.43260035  .00002460  00000+0  00000+0 0  9994
2 26464 144.8222  12.6314 8404510 227.8031   0.5323  0.44416446 66377
ODIN                    
1 26702U 01007A   25174.67217998  .00022097  00000+0  53830-3 0  9994
2 26702  97.4431 198.4041 0006323  60.5660 299.6216 15.40913778334360
TIMED                   
1 26998U 01055B   25174.18029443  .00000772  00000+0  76123-4 0  9993
2 26998  74.0679 237.1587 0001110 238.2229 121.8847 14.93996054277189
CORIOLIS                
1 27640U 03001A   25174.30074465  .00000077  00000+0  56923-4 0  9993
2 27640  98.7119 181.6910 0014377 162.0061 198.1627 14.19794778163292
SORCE                   
1 27651U 03004A   25174.88595616  .00002152  00000+0  17836-3 0  9992
2 27651  39.9904 141.2804 0017586 348.2822  11.7559 15.00627520218022
MOST                    
1 27843U 03031D   25174.73779385  .00000055  00000+0  45438-4 0  9996
2 27843  98.7048 182.4571 0009395 201.1375 158.9415 14.21212607139793
SCISAT 1                
1 27858U 03036A   25174.42681645  .00000472  00000+0  66025-4 0  9992
2 27858  73.9290 163.7775 0008733 303.4340  56.6000 14.80735946178332
SWIFT                   
1 28485U 04047A   25174.61547774  .00015817  00000+0  38200-3 0  9999
2 28485  20.5565   3.4142 0005692 104.4386 255.6687 15.38727902131237
HINODE (SOLAR-B)        
1 29479U 06041A   25173.43634823  .00000540  00000+0  10280-3 0  9995
2 29479  98.0712 189.6894 0017409 353.9592   6.1401 14.67937289  2080
SHIJIAN-6 02A (SJ-6 02A)
1 29505U 06046A   25174.87327819  .00003017  00000+0  18177-3 0  9998
2 29505  97.6810 208.6407 0001903 312.4040  47.7029 15.11569632 18162
SHIJIAN-6 02B (SJ-6 02B)
1 29506U 06046B   25174.80013430  .00000724  00000+0  63190-4 0  9991
2 29506  97.7022 202.1941 0005134 176.2458 183.8805 14.99884971 16994
FGRST (GLAST)           
1 33053U 08029A   25174.28432389  .00001979  00000+0  72034-4 0  9996
2 33053  25.5804 171.3540 0008902  61.2159 298.9272 15.21180830941073
SDO                     
1 36395U 10005A   25174.27127979 -.00000097  00000+0  00000+0 0  9990
2 36395  33.8976  91.8327 0000867  83.6166  91.9257  1.00270054 56468
CRYOSAT 2               
1 36508U 10013A   25174.55924287  .00000118  00000+0  28643-4 0  9994
2 36508  92.0087 190.6484 0003107  90.3392 269.8171 14.51821780806082
X-SAT                   
1 37389U 11015C   25174.80698058  .00000079  00000+0  51085-4 0  9999
2 37389  98.3118 164.7820 0013222 319.7551  40.2649 14.25045419737154
GCOM-W1 (SHIZUKU)       
1 38337U 12025A   25174.32045885  .00000350  00000+0  87792-4 0  9992
2 38337  98.2021 115.0101 0001419  74.5459  76.8316 14.57126628696774
NUSTAR                  
1 38358U 12031A   25174.58335648  .00017396  00000+0  11636-2 0  9999
2 38358   6.0254 194.0370 0009382 197.7119 334.1814 15.03938570  1306
NEOSSAT                 
1 39089U 13009D   25174.43878049  .00000137  00000+0  62235-4 0  9996
2 39089  98.4073 358.2488 0010042 232.0140 128.0139 14.35617882645261
BRITE-AUSTRIA           
1 39091U 13009F   25174.47416131  .00000143  00000+0  63484-4 0  9997
2 39091  98.3884 358.0569 0009313 226.6175 133.4237 14.36316540645556
IRIS                    
1 39197U 13033A   25174.28995591  .00000829  00000+0  10412-3 0  9995
2 39197  97.9513   9.5543 0026157  54.0296 306.3339 14.84606761647106
HISAKI (SPRINT-A)       
1 39253U 13049A   25174.52641835  .00000121  00000+0  78272-4 0  9995
2 39253  29.7189 243.3948 0136951 349.2328  10.5328 13.55494681582728
CASSIOPE                
1 39265U 13055A   25174.58040710  .00017295 -69239-6  26788-3 0  9997
2 39265  80.9409 132.9255 0390071 167.5143 193.6097 14.98324538613496
STSAT-3                 
1 39422U 13066G   25174.87240620  .00002727  00000+0  22423-3 0  9997
2 39422  97.5647 147.6117 0019145 175.7884 184.3504 14.99818702630448
SWARM B                 
1 39451U 13067A   25174.53264983  .00002347  00000+0  91684-4 0  9995
2 39451  87.7441  91.0098 0002891  82.3272 277.8303 15.25370297643123
SWARM A                 
1 39452U 13067B   25174.57236754  .00005364  00000+0  12276-3 0  9996
2 39452  87.3407 188.3380 0003231  91.6672 268.4955 15.42534545650823
SWARM C                 
1 39453U 13067C   25174.57226904  .00005449  00000+0  12471-3 0  9994
2 39453  87.3406 186.9289 0003272  91.4272 268.7359 15.42537900650788
BRITE-CA1 (TORONTO)     
1 40020U 14033L   25174.78278210  .00000427  00000+0  73445-4 0  9990
2 40020  97.9276 306.6285 0079621 345.1727  14.7146 14.71647471589593
OCO 2                   
1 40059U 14035A   25174.56287012  .00000288  00000+0  73882-4 0  9990
2 40059  98.2018 115.9987 0001557  75.9685 284.1687 14.57137200583828
BRITE-PL2 (HEWELIUSZ)   
1 40119U 14049B   25174.56450606  .00001492  00000+0  15035-3 0  9996
2 40119  97.8915 279.8305 0013842 213.4745 146.5600 14.92613576587910
MMS 1                   
1 40482U 15011A   25174.91668981 -.00001060  00000+0  00000+0 0  9999
2 40482  65.1593 354.9615 8698229 159.7244  56.8549  0.28512263 16438
MMS 2                   
1 40483U 15011B   25174.91668981 -.00001060  00000+0  00000+0 0  9990
2 40483  65.1397 354.9689 8696099 159.7185  56.8662  0.28514805 16417
MMS 3                   
1 40484U 15011C   25174.91668981 -.00001060  00000+0  00000+0 0  9991
2 40484  65.1756 354.9525 8695952 159.7210  56.8551  0.28514753 16411
MMS 4                   
1 40485U 15011D   25174.91668981 -.00001060  00000+0  00000+0 0  9992
2 40485  65.1706 354.9656 8696954 159.7123  56.7999  0.28515787 16411
ASTROSAT                
1 40930U 15052A   25174.80542733  .00001381  00000+0  89339-4 0  9998
2 40930   5.9956 212.9753 0008530 317.5369  42.4099 14.81453387526624
DAMPE                   
1 41173U 15078A   25174.80312873  .00000944  00000+0  35673-4 0  9992
2 41173  97.4477 173.9892 0010577 267.0346  92.9683 15.29476250529748
PISAT                   
1 41784U 16059B   25174.46436090  .00000622  00000+0  11622-3 0  9990
2 41784  97.8151 185.6886 0028025 271.1793  88.6202 14.67964479467095
HXMT (HUIYAN)           
1 42758U 17034A   25174.83637462  .00003174  00000+0  18256-3 0  9998
2 42758  43.0159  11.6134 0033906  39.9073 320.4258 15.13911792443282
FLYING LAPTOP           
1 42831U 17042G   25174.60642571  .00001779  00000+0  15211-3 0  9998
2 42831  97.4065 341.4944 0009953 259.6038 100.4064 14.98781514432708
ZHANGHENG 1-01 (CSES-1) 
1 43194U 18015C   25174.81693476  .00005619  00000+0  25563-3 0  9993
2 43194  97.6497 329.1708 0012902 110.2657 249.9966 15.21064430410175
SALSAT                  
1 46495U 20068K   25174.41486474  .00004837  00000+0  20915-3 0  9992
2 46495  97.8602 153.0839 0013028 111.5448 248.7177 15.22901859260634
IXPE                    
1 49954U 21121A   25174.91668981  .00007218  00000+0  42658-3 0  9990
2 49954   0.2283 137.3327 0008091  74.0538  32.5637 15.05617938193890
