BEIJING 1               
1 28890U 05043A   25168.49804207  .00000272  00000+0  62324-4 0  9996
2 28890  98.2439 295.8666 0014320 348.0950  11.9911 14.63167354 47299
HUANJING 1A (HJ-1A)     
1 33320U 08041A   25168.50288924  .00001239  00000+0  15944-3 0  9994
2 33320  97.6404 164.4529 0017818 254.5506 105.3740 14.82725215904444
HUANJING 1B (HJ-1B)     
1 33321U 08041B   25168.53509196  .00000883  00000+0  11587-3 0  9998
2 33321  97.6289 168.5938 0035677 301.2324  58.5396 14.82268650904469
YAOGAN-4                
1 33446U 08061A   25168.32795076  .00001083  00000+0  14270-3 0  9994
2 33446  97.9049 100.4900 0014615 173.1948 186.9466 14.82065367891600
DEIMOS-1                
1 35681U 09041A   25168.47435361  .00000552  00000+0  89792-4 0  9992
2 35681  97.7010 337.5914 0000497  31.6026 328.5214 14.74609685853123
UK-DMC 2                
1 35683U 09041C   25168.54336875  .00000747  00000+0  11786-3 0  9995
2 35683  97.8329 308.8249 0001550  83.2619 276.8767 14.75152012852847
DMC3-FM1                
1 40715U 15032A   25168.50623743  .00000543  00000+0  69593-4 0  9997
2 40715  97.6979  41.9636 0005906 159.3103 200.8353 14.85087966535779
DMC3-FM2                
1 40716U 15032B   25168.52624636  .00000571  00000+0  72819-4 0  9998
2 40716  97.7035  43.3081 0007524 167.9914 192.1482 14.85120006535776
DMC3-FM3                
1 40717U 15032C   25168.48308226  .00000571  00000+0  72836-4 0  9997
2 40717  97.7089  44.7757 0005580 163.9052 196.2342 14.85089662535772
