OPS 7218 (TRANSIT 16)   
1 02807U 67048A   25167.76322317  .00000093  00000+0  12936-3 0  9999
2 02807  89.6740 359.8627 0018181 274.4969  95.6807 13.50677251858602
OPS 4947 (TRANSIT 17)   
1 02965U 67092A   25168.14031675  .00000118  00000+0  15760-3 0  9996
2 02965  89.2434  38.0830 0049053  36.5236 117.8722 13.53406808847232
OPS 7034 (TRANSIT 18)   
1 03133U 68012A   25168.20229804  .00000118  00000+0  16530-3 0  9993
2 03133  90.0269 273.2135 0072610 329.1027  47.9661 13.51519121821587
NNSS 19 (TRANSIT 19)    
1 04507U 70067A   25168.17089447  .00000099  00000+0  12241-3 0  9998
2 04507  89.9932 234.5629 0174316  90.6032 271.5096 13.51259744698498
NNSS 20 (TRANSIT 20)    
1 06909U 73081A   25168.21783408  .00000218  00000+0  21432-3 0  9993
2 06909  89.8490 257.8713 0152803 253.2636 105.1712 13.71352356779425
TRANSAT                 
1 10457U 77106A   25167.52284554  .00000082  00000+0  11519-3 0  9993
2 10457  89.6484  85.0142 0025465 355.5030 177.6446 13.48913020343276
NOVA 1                  
1 12458U 81044A   25167.54915648  .00000116  00000+0  25367-3 0  9993
2 12458  89.8568  93.9544 0012274 234.2462 300.0172 13.23251139128430
NOVA 3                  
1 15362U 84110A   25167.54420297  .00000062  00000+0  12644-3 0  9992
2 15362  90.1220  78.5045 0033586 102.0956  71.3069 13.23019508963297
OSCAR 30                
1 15935U 85066A   25168.22272133  .00000088  00000+0  14561-3 0  9997
2 15935  90.1719  96.9425 0166060 227.0343 297.3158 13.36040228940767
OSCAR 24                
1 15936U 85066B   25168.18077354  .00000079  00000+0  12978-3 0  9991
2 15936  90.1830  89.1916 0166899 233.6267 254.7443 13.35900832942816
POLAR BEAR              
1 17070U 86088A   25168.34265117  .00000086  00000+0  77766-4 0  9996
2 17070  89.6142 190.8841 0037344 300.5051  70.2166 13.75208784935546
OSCAR 27                
1 18361U 87080A   25167.46477750  .00000099  00000+0  14931-3 0  9991
2 18361  90.3724  72.6586 0104936  19.2064 341.2994 13.44867048851477
OSCAR 29                
1 18362U 87080B   25167.51161884  .00000091  00000+0  13678-3 0  9995
2 18362  90.3738  73.1040 0107152  41.4175 130.9316 13.44415132851011
OSCAR 23                
1 19070U 88033A   25167.83968424  .00000057  00000+0  10293-3 0  9993
2 19070  90.3162  10.8219 0188190 318.4725  51.0777 13.27756621798795
OSCAR 32                
1 19071U 88033B   25167.83908112  .00000061  00000+0  11017-3 0  9992
2 19071  90.3166  10.9448 0186308 305.3873  63.9551 13.27923778798918
NOVA 2                  
1 19223U 88052A   25168.20925527  .00000068  00000+0  14129-3 0  9997
2 19223  89.9863  78.5756 0031376 142.3016  10.9885 13.22913400786149
OSCAR 25                
1 19419U 88074A   25167.87241973  .00000071  00000+0  10560-3 0  9995
2 19419  90.0286  19.6574 0097432  37.6143 333.9129 13.42586385802401
OSCAR 31                
1 19420U 88074B   25167.81726537  .00000069  00000+0  10293-3 0  9995
2 19420  90.0302  19.9788 0095487  32.0532 339.8889 13.42552951802502
